depth	min	max	median	mean
-1	-73	-57	-65	-65
0	-71	-57	-64	-64
1	-69	-56	-62	-62
2	-67	-55	-61	-61
3	-66	-54	-60	-60
4	-65	-52	-58	-58
5	-64	-50	-57	-57
6	-63	-47	-55	-55
7	-63	-45	-54	-54
8	-62	-42	-53	-53
9	-61	-40	-52	-51
10	-60	-39	-50	-50
11	-59	-38	-49	-49
12	-57	-37	-48	-48
13	-56	-36	-47	-47
14	-56	-35	-46	-46
15	-55	-34	-45	-45
16	-54	-32	-44	-44
17	-54	-31	-43	-43
18	-53	-29	-42	-42
19	-53	-27	-41	-41
20	-50	-26	-39	-39
21	-48	-25	-38	-37
22	-46	-24	-36	-36
23	-44	-23	-34	-34
24	-43	-21	-33	-32
25	-42	-19	-31	-31
26	-41	-16	-29	-29
27	-40	-14	-28	-28
28	-39	-11	-26	-26
29	-39	-8	-25	-24
30	-36	-7	-23	-22
31	-33	-6	-21	-21
32	-30	-5	-19	-19
33	-28	-4	-17	-17
34	-25	-2	-15	-15
35	-24	-1	-13	-13
36	-22	1	-11	-11
37	-21	4	-9	-9
38	-19	6	-8	-7
39	-18	9	-6	-5
40	-13	11	-2	-2
41	-9	13	1	1
42	-4	15	4	5
43	0	17	8	8
44	4	19	11	11
45	8	21	15	15
46	12	24	18	18
47	15	28	21	21
48	17	32	25	25
49	20	36	28	28
50	24	38	31	31
51	28	40	34	34
52	32	43	37	37
53	35	46	41	40
54	37	50	44	44
55	39	54	47	47
56	41	58	50	50
57	42	63	53	53
58	44	68	56	56
59	45	72	59	59
60	51	84	66	67
61	54	104	72	74
62	55	125	78	82
63	57	147	85	89
64	58	168	91	97
65	60	189	97	104
66	61	212	103	112
67	62	234	108	119
68	63	255	115	127
69	64	277	121	134
70	71	284	128	141
71	75	288	137	149
72	79	294	145	156
73	82	300	153	163
74	86	307	161	170
75	89	317	168	178
76	91	329	176	185
77	94	342	183	192
78	96	351	190	199
79	98	363	198	207
80	107	369	205	214
81	114	376	212	221
82	120	381	219	228
83	125	386	227	235
84	129	393	235	242
85	134	403	242	249
86	137	412	249	256
87	140	420	257	264
88	143	433	264	271
89	146	447	270	278
90	155	450	278	285
91	165	453	285	292
92	173	456	292	300
93	180	461	299	307
94	186	466	307	314
95	192	473	314	321
96	197	479	322	328
97	202	486	329	336
98	207	493	335	343
99	210	503	342	350
100	223	506	351	357
101	233	510	358	364
102	241	514	366	371
103	250	518	374	378
104	259	522	384	385
105	267	531	393	392
106	275	539	402	399
107	282	548	412	406
108	288	556	421	413
109	293	565	429	420
110	303	569	435	427
111	310	575	441	433
112	316	581	447	440
113	321	590	454	446
114	326	598	460	452
115	330	605	465	459
116	333	616	471	465
117	335	626	477	472
118	338	638	481	478
119	341	652	487	484
120	347	658	494	491
121	352	666	500	497
122	356	673	506	503
123	360	679	512	509
124	364	688	518	516
125	366	697	524	522
126	368	710	530	528
127	370	720	536	534
128	373	729	541	541
129	376	742	547	547
130	384	748	553	553
131	389	754	557	559
132	394	761	563	565
133	399	767	568	570
134	404	775	574	576
135	408	783	581	582
136	412	790	586	588
137	415	797	592	594
138	418	805	597	600
139	422	814	602	606
140	427	821	609	612
141	434	828	615	618
142	440	834	621	625
143	445	841	627	631
144	451	847	634	637
145	455	852	641	644
146	460	858	646	650
147	462	867	654	656
148	466	875	659	663
149	470	883	665	669
150	479	888	672	675
151	484	894	678	681
152	489	901	684	688
153	494	907	691	694
154	499	916	696	700
155	504	923	701	706
156	508	931	708	713
157	513	939	715	719
158	518	950	721	725
159	522	960	726	731
160	530	966	732	738
161	536	972	738	744
162	544	976	744	750
163	553	983	750	756
164	559	988	757	763
165	565	994	763	769
166	570	1001	769	775
167	575	1008	775	782
168	580	1017	781	788
169	585	1028	787	794
170	597	1035	793	801
171	606	1040	799	807
172	616	1048	805	814
173	624	1055	811	821
174	632	1064	818	827
175	639	1074	824	834
176	643	1081	830	840
177	648	1086	837	847
178	654	1093	844	853
179	659	1101	851	860
180	668	1108	857	866
181	679	1111	862	872
182	687	1117	868	878
183	696	1124	874	884
184	703	1129	879	890
185	710	1137	884	896
186	715	1141	890	902
187	719	1147	895	908
188	724	1154	901	914
189	729	1162	906	920
190	739	1165	911	926
191	748	1169	916	932
192	755	1174	922	938
193	763	1181	928	944
194	772	1187	934	950
195	779	1195	939	955
196	785	1202	944	961
197	791	1208	949	967
198	796	1217	954	973
199	802	1225	960	979
200	811	1233	969	988
201	818	1237	980	998
202	826	1243	992	1007
203	833	1254	1002	1016
204	838	1264	1013	1025
205	843	1275	1022	1035
206	849	1285	1034	1044
207	855	1296	1045	1053
208	861	1309	1055	1063
209	866	1325	1064	1072
210	877	1333	1074	1082
211	887	1339	1084	1092
212	895	1350	1096	1101
213	904	1359	1106	1111
214	910	1368	1115	1121
215	915	1382	1124	1130
216	922	1395	1135	1140
217	929	1409	1145	1150
218	933	1422	1155	1160
219	938	1437	1164	1169
220	951	1444	1173	1179
221	959	1451	1182	1188
222	968	1458	1191	1198
223	975	1466	1201	1207
224	983	1475	1212	1217
225	989	1480	1223	1226
226	995	1490	1232	1235
227	999	1504	1243	1245
228	1004	1513	1253	1254
229	1010	1525	1263	1264
230	1023	1530	1272	1274
231	1033	1538	1283	1283
232	1045	1545	1293	1293
233	1055	1553	1304	1303
234	1067	1560	1315	1312
235	1075	1571	1326	1322
236	1080	1583	1335	1332
237	1088	1593	1346	1342
238	1094	1602	1355	1351
239	1098	1617	1365	1361
240	1115	1624	1374	1371
241	1128	1633	1383	1380
242	1140	1642	1392	1390
243	1153	1651	1401	1400
244	1163	1659	1411	1409
245	1170	1670	1420	1419
246	1179	1678	1428	1429
247	1189	1687	1438	1438
248	1198	1699	1448	1448
249	1204	1712	1458	1458
250	1220	1716	1466	1467
251	1233	1720	1473	1475
252	1245	1723	1483	1484
253	1254	1728	1491	1493
254	1265	1732	1500	1502
255	1277	1742	1509	1511
256	1282	1750	1518	1520
257	1288	1759	1527	1529
258	1297	1770	1536	1538
259	1303	1779	1544	1546
260	1321	1786	1554	1556
261	1340	1792	1563	1567
262	1359	1800	1573	1577
263	1374	1806	1583	1587
264	1388	1813	1593	1597
265	1406	1821	1604	1607
266	1421	1827	1614	1617
267	1432	1837	1624	1627
268	1439	1846	1634	1637
269	1444	1864	1644	1647
270	1468	1870	1654	1658
271	1488	1876	1664	1669
272	1502	1885	1675	1680
273	1521	1895	1686	1691
274	1534	1905	1697	1702
275	1544	1917	1709	1714
276	1552	1930	1720	1725
277	1557	1943	1731	1736
278	1563	1953	1741	1747
279	1570	1968	1752	1758
280	1584	1977	1764	1770
281	1598	1990	1776	1783
282	1608	2005	1788	1795
283	1620	2018	1802	1807
284	1629	2029	1815	1819
285	1637	2046	1828	1832
286	1645	2063	1841	1844
287	1652	2085	1855	1856
288	1658	2110	1867	1869
289	1661	2135	1878	1881
290	1684	2145	1890	1893
291	1701	2156	1902	1906
292	1719	2164	1914	1918
293	1731	2172	1926	1930
294	1742	2180	1939	1943
295	1754	2191	1952	1955
296	1763	2202	1963	1968
297	1772	2216	1975	1980
298	1782	2235	1987	1992
299	1788	2255	2000	2005
300	1803	2265	2012	2017
301	1815	2273	2024	2029
302	1829	2283	2038	2041
303	1839	2294	2050	2053
304	1845	2307	2063	2065
305	1853	2318	2076	2077
306	1861	2334	2087	2089
307	1865	2351	2097	2101
308	1869	2365	2108	2113
309	1875	2392	2119	2125
310	1891	2398	2132	2137
311	1903	2411	2145	2150
312	1916	2425	2159	2163
313	1925	2435	2173	2176
314	1932	2454	2186	2189
315	1942	2467	2198	2202
316	1952	2485	2211	2215
317	1960	2503	2224	2227
318	1967	2527	2237	2240
319	1972	2547	2248	2253
320	1986	2558	2262	2266
321	1997	2569	2276	2278
322	2009	2579	2288	2291
323	2020	2587	2302	2304
324	2030	2598	2316	2316
325	2041	2611	2329	2329
326	2052	2626	2342	2341
327	2058	2647	2354	2354
328	2061	2665	2366	2367
329	2068	2685	2379	2379
330	2084	2693	2391	2391
331	2103	2700	2403	2404
332	2118	2708	2416	2416
333	2131	2714	2430	2428
334	2146	2724	2442	2440
335	2155	2734	2456	2452
336	2165	2749	2470	2464
337	2174	2761	2484	2477
338	2180	2774	2496	2489
339	2191	2790	2508	2501
340	2212	2795	2520	2513
341	2230	2802	2535	2525
342	2245	2808	2545	2537
343	2258	2815	2557	2549
344	2268	2823	2569	2561
345	2278	2833	2583	2574
346	2287	2842	2595	2586
347	2294	2853	2608	2598
348	2300	2871	2621	2610
349	2312	2888	2633	2622
350	2329	2893	2645	2634
351	2345	2901	2657	2645
352	2356	2909	2668	2657
353	2368	2915	2680	2669
354	2378	2923	2692	2680
355	2389	2930	2704	2692
356	2401	2941	2716	2703
357	2410	2952	2727	2715
358	2418	2962	2740	2727
359	2428	2978	2751	2738
360	2447	2984	2762	2750
361	2468	2991	2772	2761
362	2482	3002	2784	2773
363	2497	3009	2796	2784
364	2509	3020	2807	2796
365	2521	3030	2819	2808
366	2531	3049	2831	2819
367	2539	3064	2842	2831
368	2546	3081	2852	2842
369	2554	3102	2862	2854
370	2566	3111	2872	2864
371	2576	3120	2883	2875
372	2583	3128	2893	2886
373	2592	3140	2904	2897
374	2601	3155	2915	2908
375	2610	3170	2925	2918
376	2617	3186	2935	2929
377	2623	3202	2945	2940
378	2631	3224	2954	2951
379	2638	3241	2966	2961
380	2657	3250	2976	2972
381	2672	3259	2987	2983
382	2687	3266	2997	2994
383	2698	3279	3009	3005
384	2707	3289	3019	3016
385	2716	3299	3030	3027
386	2727	3312	3041	3038
387	2736	3326	3052	3049
388	2745	3345	3063	3060
389	2756	3362	3072	3071
390	2767	3367	3081	3081
391	2780	3374	3092	3091
392	2791	3382	3102	3100
393	2802	3392	3112	3110
394	2814	3403	3122	3120
395	2824	3414	3132	3130
396	2832	3424	3143	3140
397	2841	3438	3153	3149
398	2849	3453	3163	3159
399	2857	3462	3173	3169
400	2873	3468	3183	3180
401	2887	3475	3194	3190
402	2900	3484	3203	3201
403	2914	3498	3213	3212
404	2926	3505	3223	3222
405	2936	3515	3234	3233
406	2946	3525	3244	3244
407	2956	3533	3254	3254
408	2967	3549	3266	3265
409	2973	3564	3277	3276
410	2993	3569	3287	3287
411	3013	3576	3298	3299
412	3033	3583	3310	3310
413	3050	3590	3321	3322
414	3064	3601	3333	3333
415	3077	3611	3345	3345
416	3089	3622	3355	3356
417	3098	3636	3366	3367
418	3108	3653	3378	3379
419	3118	3673	3390	3390
420	3135	3679	3400	3401
421	3147	3685	3410	3411
422	3158	3694	3421	3421
423	3167	3703	3431	3432
424	3181	3710	3442	3442
425	3188	3723	3453	3453
426	3193	3735	3462	3463
427	3201	3751	3471	3473
428	3206	3762	3481	3484
429	3210	3778	3491	3494
430	3225	3786	3502	3504
431	3236	3792	3512	3514
432	3245	3800	3523	3524
433	3258	3806	3533	3534
434	3266	3818	3543	3544
435	3275	3832	3554	3554
436	3283	3844	3564	3564
437	3292	3859	3573	3574
438	3302	3874	3584	3584
439	3310	3889	3593	3594
440	3326	3896	3604	3606
441	3341	3905	3616	3617
442	3358	3915	3628	3629
443	3370	3925	3640	3641
444	3378	3936	3650	3652
445	3386	3945	3661	3664
446	3396	3957	3672	3676
447	3401	3972	3684	3687
448	3410	3989	3695	3699
449	3417	4011	3706	3711
450	3433	4019	3718	3722
451	3446	4026	3729	3733
452	3459	4034	3741	3744
453	3475	4043	3753	3755
454	3483	4054	3765	3767
455	3493	4070	3777	3778
456	3501	4085	3788	3789
457	3514	4101	3798	3800
458	3520	4120	3810	3811
459	3530	4139	3821	3822
460	3547	4146	3832	3833
461	3559	4153	3842	3844
462	3572	4161	3851	3855
463	3585	4169	3862	3865
464	3599	4177	3873	3876
465	3610	4189	3883	3887
466	3620	4197	3893	3897
467	3629	4209	3905	3908
468	3639	4220	3915	3919
469	3647	4235	3927	3930
470	3669	4241	3938	3941
471	3688	4250	3948	3952
472	3705	4260	3958	3963
473	3721	4268	3969	3974
474	3733	4279	3979	3986
475	3744	4292	3991	3997
476	3752	4303	4003	4008
477	3759	4316	4014	4019
478	3768	4331	4026	4030
479	3777	4343	4038	4042
480	3790	4354	4050	4055
481	3804	4369	4063	4068
482	3816	4382	4076	4081
483	3826	4396	4087	4094
484	3834	4415	4099	4107
485	3841	4433	4111	4120
486	3850	4452	4124	4133
487	3856	4476	4135	4146
488	3862	4508	4146	4159
489	3870	4531	4158	4172
490	3883	4543	4171	4186
491	3892	4558	4186	4199
492	3902	4573	4201	4212
493	3914	4588	4213	4226
494	3923	4606	4226	4239
495	3931	4629	4241	4253
496	3939	4660	4254	4266
497	3948	4684	4266	4280
498	3955	4712	4280	4293
499	3960	4742	4294	4306
500	3978	4758	4304	4319
501	3995	4767	4317	4332
502	4008	4781	4330	4345
503	4013	4800	4342	4358
504	4021	4820	4356	4371
505	4029	4830	4368	4384
506	4041	4850	4381	4397
507	4046	4875	4394	4409
508	4049	4890	4407	4422
509	4054	4914	4417	4435
510	4067	4928	4432	4447
511	4080	4937	4444	4460
512	4090	4949	4457	4472
513	4097	4964	4470	4484
514	4106	4983	4483	4497
515	4114	4996	4496	4509
516	4124	5010	4508	4521
517	4132	5024	4519	4534
518	4138	5041	4531	4546
519	4144	5062	4546	4558
520	4158	5076	4558	4571
521	4173	5085	4571	4584
522	4187	5096	4584	4597
523	4195	5107	4597	4610
524	4205	5120	4611	4623
525	4210	5128	4624	4636
526	4220	5144	4638	4649
527	4228	5158	4651	4662
528	4236	5174	4664	4675
529	4243	5194	4677	4688
530	4258	5202	4689	4700
531	4266	5222	4701	4712
532	4279	5237	4713	4724
533	4291	5248	4725	4737
534	4305	5261	4738	4749
535	4313	5273	4750	4761
536	4320	5290	4763	4773
537	4328	5309	4776	4785
538	4336	5327	4790	4798
539	4344	5344	4803	4810
540	4357	5359	4816	4822
541	4368	5370	4829	4835
542	4378	5380	4843	4847
543	4390	5389	4854	4860
544	4398	5399	4866	4872
545	4409	5416	4879	4885
546	4419	5428	4892	4897
547	4426	5437	4904	4910
548	4435	5456	4917	4922
549	4441	5472	4928	4935
550	4456	5485	4940	4947
551	4473	5496	4955	4960
552	4484	5509	4968	4972
553	4495	5523	4981	4984
554	4505	5539	4994	4997
555	4513	5554	5007	5009
556	4520	5570	5020	5022
557	4526	5581	5034	5034
558	4534	5600	5047	5047
559	4540	5616	5058	5059
560	4558	5624	5070	5072
561	4576	5634	5082	5085
562	4591	5645	5095	5098
563	4605	5655	5109	5111
564	4618	5667	5122	5124
565	4627	5681	5134	5138
566	4640	5695	5147	5151
567	4651	5710	5160	5164
568	4662	5724	5172	5177
569	4670	5744	5185	5190
570	4684	5756	5199	5203
571	4695	5766	5214	5216
572	4705	5779	5227	5230
573	4711	5795	5240	5243
574	4722	5811	5252	5257
575	4732	5828	5266	5270
576	4742	5841	5278	5283
577	4751	5864	5292	5297
578	4756	5885	5307	5310
579	4766	5907	5320	5324
580	4782	5920	5333	5337
581	4794	5936	5348	5350
582	4805	5946	5362	5363
583	4820	5953	5377	5376
584	4831	5964	5388	5389
585	4845	5978	5401	5402
586	4854	5992	5414	5415
587	4863	6009	5428	5428
588	4874	6031	5440	5441
589	4884	6045	5452	5454
590	4900	6053	5465	5466
591	4914	6069	5478	5479
592	4919	6077	5490	5492
593	4932	6086	5503	5504
594	4949	6099	5515	5517
595	4963	6110	5528	5529
596	4969	6121	5541	5542
597	4981	6134	5553	5555
598	4994	6146	5566	5567
599	5000	6160	5578	5580
600	5018	6167	5591	5592
601	5032	6176	5604	5605
602	5042	6184	5618	5618
603	5055	6196	5631	5630
604	5065	6207	5642	5643
605	5072	6222	5655	5655
606	5086	6233	5670	5668
607	5095	6246	5683	5681
608	5104	6255	5694	5693
609	5113	6274	5707	5706
610	5133	6283	5720	5718
611	5146	6288	5732	5730
612	5158	6294	5744	5743
613	5171	6302	5757	5755
614	5181	6317	5771	5767
615	5195	6324	5784	5780
616	5205	6335	5797	5792
617	5219	6349	5809	5804
618	5224	6361	5821	5817
619	5229	6374	5834	5829
620	5249	6384	5848	5842
621	5262	6397	5860	5855
622	5271	6408	5873	5867
623	5284	6425	5887	5880
624	5293	6435	5900	5893
625	5302	6451	5913	5905
626	5312	6473	5925	5918
627	5324	6485	5939	5931
628	5335	6501	5950	5944
629	5343	6517	5961	5956
630	5370	6529	5974	5969
631	5391	6536	5985	5981
632	5402	6546	5996	5993
633	5413	6559	6009	6005
634	5428	6567	6021	6018
635	5444	6577	6032	6030
636	5453	6590	6044	6042
637	5463	6600	6058	6055
638	5477	6616	6071	6067
639	5490	6628	6083	6079
640	5507	6637	6097	6093
641	5529	6647	6109	6106
642	5539	6657	6122	6119
643	5553	6673	6138	6133
644	5566	6684	6153	6146
645	5582	6698	6166	6160
646	5593	6709	6180	6173
647	5608	6724	6191	6186
648	5621	6735	6203	6200
649	5629	6756	6216	6213
650	5650	6765	6230	6226
651	5664	6782	6243	6239
652	5682	6790	6254	6252
653	5694	6804	6270	6265
654	5704	6816	6283	6278
655	5717	6831	6295	6292
656	5728	6845	6309	6305
657	5743	6853	6323	6318
658	5752	6877	6335	6331
659	5760	6891	6348	6344
660	5782	6904	6363	6356
661	5799	6914	6376	6369
662	5813	6924	6389	6382
663	5830	6934	6402	6394
664	5845	6949	6415	6407
665	5863	6961	6428	6420
666	5875	6967	6440	6432
667	5886	6980	6455	6445
668	5899	6989	6468	6457
669	5911	7004	6481	6470
670	5926	7016	6493	6483
671	5942	7026	6507	6496
672	5956	7032	6518	6509
673	5971	7044	6532	6522
674	5983	7052	6546	6535
675	5996	7059	6559	6548
676	6003	7071	6572	6561
677	6017	7084	6586	6574
678	6026	7092	6598	6587
679	6037	7108	6609	6599
680	6053	7117	6622	6612
681	6069	7130	6636	6625
682	6076	7140	6649	6638
683	6087	7151	6661	6651
684	6104	7165	6675	6664
685	6125	7177	6690	6677
686	6141	7186	6701	6690
687	6150	7202	6713	6703
688	6165	7218	6727	6716
689	6172	7231	6740	6728
690	6196	7240	6753	6741
691	6216	7249	6767	6754
692	6240	7255	6782	6766
693	6250	7262	6793	6779
694	6263	7274	6807	6792
695	6281	7288	6818	6804
696	6292	7300	6832	6817
697	6314	7310	6845	6830
698	6327	7324	6857	6842
699	6336	7338	6869	6855
700	6361	7345	6883	6869
701	6379	7351	6896	6883
702	6396	7361	6909	6897
703	6416	7373	6922	6911
704	6432	7380	6936	6924
705	6449	7395	6949	6938
706	6464	7407	6965	6952
707	6478	7415	6980	6966
708	6493	7427	6996	6980
709	6504	7443	7010	6994
710	6520	7449	7022	7007
711	6536	7455	7034	7019
712	6551	7460	7045	7032
713	6566	7468	7058	7044
714	6581	7476	7071	7056
715	6595	7486	7083	7069
716	6607	7497	7096	7081
717	6620	7506	7108	7094
718	6630	7517	7120	7106
719	6643	7530	7131	7119
720	6662	7538	7143	7132
721	6683	7547	7154	7145
722	6702	7553	7168	7158
723	6717	7565	7181	7171
724	6734	7572	7194	7183
725	6748	7580	7207	7196
726	6764	7591	7221	7209
727	6783	7604	7235	7222
728	6800	7618	7248	7235
729	6812	7631	7261	7248
730	6834	7635	7274	7261
731	6852	7641	7287	7273
732	6872	7647	7298	7286
733	6884	7654	7309	7299
734	6899	7662	7321	7312
735	6916	7677	7334	7324
736	6933	7688	7347	7337
737	6948	7698	7361	7350
738	6965	7708	7373	7363
739	6977	7719	7386	7375
740	6999	7724	7398	7388
741	7024	7734	7410	7400
742	7046	7741	7421	7412
743	7060	7745	7433	7425
744	7082	7755	7445	7437
745	7098	7766	7456	7450
746	7112	7774	7468	7462
747	7124	7787	7480	7474
748	7130	7798	7493	7487
749	7146	7810	7506	7499
750	7185	7816	7517	7512
751	7216	7823	7527	7525
752	7239	7829	7538	7538
753	7260	7838	7549	7551
754	7282	7846	7560	7564
755	7305	7856	7570	7577
756	7328	7864	7583	7590
757	7344	7873	7595	7603
758	7359	7886	7608	7616
759	7371	7899	7621	7629
760	7400	7907	7633	7643
761	7424	7916	7647	7658
762	7442	7926	7659	7672
763	7459	7939	7672	7686
764	7475	7952	7687	7700
765	7487	7969	7702	7714
766	7497	7988	7717	7728
767	7508	8010	7731	7742
768	7520	8035	7746	7756
769	7526	8057	7760	7770
770	7544	8073	7775	7785
771	7560	8089	7791	7800
772	7572	8102	7806	7816
773	7580	8117	7823	7831
774	7591	8137	7838	7846
775	7600	8155	7854	7861
776	7609	8177	7870	7876
777	7617	8204	7885	7892
778	7625	8238	7899	7907
779	7631	8266	7913	7922
780	7647	8276	7927	7936
781	7666	8282	7941	7951
782	7682	8293	7956	7965
783	7692	8305	7970	7979
784	7704	8315	7985	7993
785	7712	8329	7999	8008
786	7720	8348	8015	8022
787	7725	8363	8028	8036
788	7737	8384	8043	8050
789	7745	8403	8057	8065
790	7766	8414	8071	8079
791	7788	8424	8085	8094
792	7804	8436	8101	8108
793	7819	8447	8117	8123
794	7832	8460	8134	8137
795	7844	8474	8149	8152
796	7856	8490	8164	8166
797	7862	8513	8179	8181
798	7869	8533	8193	8195
799	7877	8552	8207	8210
800	7897	8561	8222	8224
801	7922	8573	8238	8239
802	7937	8578	8252	8253
803	7950	8590	8266	8267
804	7963	8602	8282	8282
805	7974	8615	8296	8296
806	7983	8628	8314	8311
807	7994	8641	8328	8325
808	8004	8663	8343	8339
809	8016	8687	8358	8354
810	8036	8695	8372	8368
811	8052	8707	8385	8383
812	8068	8716	8399	8398
813	8082	8726	8411	8413
814	8099	8737	8427	8427
815	8114	8752	8443	8442
816	8126	8767	8457	8457
817	8135	8788	8472	8471
818	8148	8806	8489	8486
819	8155	8832	8505	8501
820	8175	8839	8517	8514
821	8191	8847	8530	8527
822	8206	8856	8542	8540
823	8216	8865	8556	8553
824	8225	8876	8569	8566
825	8237	8892	8584	8579
826	8246	8905	8597	8592
827	8253	8920	8610	8606
828	8262	8941	8624	8619
829	8273	8960	8637	8632
830	8286	8967	8649	8644
831	8304	8972	8661	8656
832	8318	8976	8674	8668
833	8330	8982	8686	8681
834	8348	8994	8698	8693
835	8357	9001	8711	8705
836	8370	9014	8724	8717
837	8382	9030	8737	8729
838	8389	9043	8749	8742
839	8400	9057	8760	8754
840	8418	9067	8773	8767
841	8431	9076	8786	8780
842	8445	9085	8801	8793
843	8464	9093	8814	8806
844	8479	9102	8826	8819
845	8490	9111	8840	8833
846	8500	9123	8855	8846
847	8511	9138	8869	8859
848	8521	9154	8883	8872
849	8524	9175	8895	8885
850	8544	9180	8907	8897
851	8560	9186	8920	8909
852	8581	9195	8931	8921
853	8593	9200	8944	8933
854	8609	9207	8957	8944
855	8622	9216	8969	8956
856	8634	9226	8983	8968
857	8644	9237	8996	8980
858	8651	9249	9008	8992
859	8659	9263	9020	9004
860	8682	9269	9032	9017
861	8701	9275	9043	9029
862	8722	9284	9055	9042
863	8736	9293	9067	9055
864	8751	9298	9081	9067
865	8763	9307	9095	9080
866	8770	9315	9110	9093
867	8781	9326	9124	9105
868	8791	9336	9135	9118
869	8803	9349	9149	9131
870	8832	9353	9160	9143
871	8862	9357	9172	9155
872	8887	9362	9185	9168
873	8913	9368	9197	9180
874	8937	9373	9209	9192
875	8954	9380	9222	9205
876	8967	9387	9236	9217
877	8977	9395	9248	9229
878	8986	9404	9261	9242
879	8997	9418	9273	9254
880	9025	9422	9283	9266
881	9055	9424	9293	9279
882	9084	9428	9304	9291
883	9112	9433	9315	9303
884	9135	9437	9326	9315
885	9151	9442	9337	9328
886	9171	9450	9349	9340
887	9190	9459	9362	9352
888	9204	9470	9375	9364
889	9212	9480	9387	9377
890	9243	9484	9396	9388
891	9275	9489	9406	9400
892	9305	9496	9415	9411
893	9333	9502	9424	9423
894	9356	9508	9434	9434
895	9376	9519	9445	9446
896	9393	9531	9456	9457
897	9402	9544	9467	9469
898	9409	9565	9478	9480
899	9414	9591	9488	9492
900	9426	9609	9503	9508
901	9435	9634	9519	9523
902	9442	9669	9534	9539
903	9447	9704	9547	9555
904	9454	9747	9560	9571
905	9459	9792	9572	9586
906	9463	9836	9583	9602
907	9467	9882	9597	9618
908	9470	9929	9610	9633
909	9474	9978	9622	9649
910	9494	9994	9645	9671
911	9508	10010	9670	9693
912	9520	10027	9696	9715
913	9529	10047	9721	9737
914	9537	10071	9744	9759
915	9543	10100	9767	9781
916	9549	10140	9790	9803
917	9554	10182	9812	9825
918	9557	10218	9834	9846
919	9563	10266	9855	9868
920	9586	10277	9874	9888
921	9605	10290	9892	9908
922	9621	10306	9915	9928
923	9635	10321	9938	9949
924	9652	10343	9961	9969
925	9664	10358	9981	9989
926	9672	10382	10003	10009
927	9683	10406	10024	10029
928	9693	10433	10044	10049
929	9700	10466	10063	10069
930	9735	10478	10085	10091
931	9762	10490	10104	10112
932	9787	10499	10127	10134
933	9808	10515	10151	10156
934	9826	10530	10174	10178
935	9846	10550	10198	10200
936	9859	10573	10223	10221
937	9873	10601	10245	10243
938	9885	10626	10269	10265
939	9898	10660	10290	10287
940	9931	10668	10309	10307
941	9957	10675	10332	10328
942	9982	10684	10352	10349
943	10002	10692	10376	10369
944	10022	10704	10399	10390
945	10042	10717	10423	10411
946	10056	10734	10446	10431
947	10069	10752	10468	10452
948	10083	10767	10491	10473
949	10094	10794	10512	10493
950	10132	10802	10532	10514
951	10167	10810	10552	10535
952	10202	10819	10572	10555
953	10230	10827	10593	10576
954	10252	10838	10614	10596
955	10270	10850	10635	10617
956	10291	10863	10657	10638
957	10306	10877	10679	10658
958	10317	10896	10699	10679
959	10339	10918	10720	10699
960	10347	10922	10731	10711
961	10362	10928	10743	10722
962	10380	10935	10754	10734
963	10386	10941	10766	10745
964	10404	10950	10778	10756
965	10421	10962	10789	10768
966	10431	10976	10800	10779
967	10440	10998	10810	10791
968	10448	11017	10820	10802
969	10459	11040	10830	10814
970	10467	11047	10838	10821
971	10476	11055	10845	10829
972	10484	11065	10851	10837
973	10499	11074	10858	10845
974	10509	11085	10866	10852
975	10512	11095	10873	10860
976	10520	11108	10879	10868
977	10528	11121	10886	10876
978	10542	11133	10894	10883
979	10552	11146	10899	10891
980	10563	11153	10908	10899
981	10567	11160	10915	10907
982	10575	11166	10924	10914
983	10587	11179	10931	10922
984	10594	11185	10939	10930
985	10603	11196	10947	10937
986	10609	11206	10953	10945
987	10619	11217	10960	10953
988	10625	11227	10967	10961
989	10632	11239	10975	10968
990	10641	11246	10982	10976
991	10650	11254	10990	10983
992	10660	11263	10998	10991
993	10671	11269	11005	10999
994	10678	11278	11012	11006
995	10685	11284	11020	11014
996	10695	11294	11028	11021
997	10702	11306	11034	11029
998	10711	11315	11041	11036
999	10720	11326	11049	11044
1000	10726	11333	11056	11051
1001	10735	11339	11064	11059
1002	10743	11344	11071	11067
1003	10750	11352	11078	11074
1004	10757	11361	11085	11082
1005	10764	11368	11092	11089
1006	10769	11379	11100	11097
1007	10775	11388	11107	11105
1008	10781	11399	11114	11112
1009	10791	11409	11121	11120
1010	10802	11415	11129	11128
1011	10812	11421	11137	11136
1012	10824	11430	11145	11144
1013	10835	11438	11153	11152
1014	10847	11447	11160	11159
1015	10857	11457	11169	11167
1016	10864	11468	11177	11175
1017	10872	11477	11184	11183
1018	10880	11487	11191	11191
1019	10890	11497	11199	11199
1020	10900	11501	11207	11207
1021	10909	11509	11215	11215
1022	10918	11522	11222	11223
1023	10928	11529	11231	11231
1024	10937	11536	11238	11239
1025	10947	11546	11245	11247
1026	10951	11555	11253	11255
1027	10958	11566	11261	11263
1028	10964	11580	11268	11271
1029	10971	11589	11275	11278
1030	10984	11593	11283	11286
1031	10994	11602	11290	11294
1032	11004	11609	11298	11302
1033	11013	11615	11306	11310
1034	11024	11621	11315	11318
1035	11031	11631	11322	11326
1036	11038	11640	11330	11334
1037	11044	11647	11338	11342
1038	11049	11657	11346	11350
1039	11056	11669	11352	11358
1040	11066	11673	11360	11365
1041	11076	11677	11368	11373
1042	11088	11684	11376	11381
1043	11099	11691	11385	11388
1044	11108	11699	11393	11396
1045	11115	11705	11401	11403
1046	11123	11715	11407	11411
1047	11130	11723	11414	11419
1048	11137	11734	11424	11426
1049	11142	11747	11431	11434
1050	11152	11752	11440	11442
1051	11165	11758	11448	11450
1052	11175	11763	11455	11457
1053	11184	11769	11463	11465
1054	11194	11777	11472	11473
1055	11203	11781	11481	11481
1056	11210	11787	11489	11489
1057	11217	11794	11498	11496
1058	11223	11801	11507	11504
1059	11230	11809	11514	11512
1060	11238	11815	11523	11520
1061	11245	11822	11530	11528
1062	11255	11835	11539	11536
1063	11264	11842	11545	11544
1064	11271	11854	11553	11552
1065	11275	11863	11562	11559
1066	11281	11875	11569	11567
1067	11287	11889	11578	11575
1068	11293	11899	11585	11583
1069	11299	11912	11592	11591
1070	11304	11922	11600	11599
1071	11312	11930	11608	11607
1072	11317	11936	11617	11615
1073	11323	11947	11625	11624
1074	11325	11957	11634	11632
1075	11333	11966	11642	11640
1076	11337	11976	11650	11648
1077	11342	11985	11658	11656
1078	11344	11998	11664	11664
1079	11347	12012	11672	11672
1080	11357	12021	11681	11681
1081	11366	12032	11689	11689
1082	11375	12039	11697	11697
1083	11381	12049	11706	11706
1084	11390	12056	11714	11714
1085	11395	12066	11723	11722
1086	11400	12073	11731	11731
1087	11405	12086	11739	11739
1088	11413	12095	11747	11747
1089	11418	12108	11755	11756
1090	11425	12117	11764	11764
1091	11434	12128	11772	11773
1092	11443	12142	11779	11781
1093	11448	12149	11788	11789
1094	11454	12157	11797	11798
1095	11463	12166	11805	11806
1096	11469	12174	11814	11814
1097	11476	12183	11824	11823
1098	11480	12195	11832	11831
1099	11486	12205	11839	11840
1100	11494	12211	11847	11848
1101	11504	12219	11855	11856
1102	11512	12225	11864	11864
1103	11521	12232	11872	11873
1104	11530	12244	11881	11881
1105	11537	12252	11889	11889
1106	11545	12262	11898	11897
1107	11549	12273	11906	11906
1108	11557	12281	11913	11914
1109	11562	12295	11921	11922
1110	11572	12306	11929	11930
1111	11582	12315	11937	11938
1112	11591	12322	11945	11947
1113	11600	12330	11952	11955
1114	11606	12339	11960	11963
1115	11613	12345	11967	11971
1116	11620	12355	11975	11979
1117	11625	12366	11983	11987
1118	11632	12379	11992	11996
1119	11638	12391	12000	12004
1120	11646	12399	12008	12012
1121	11656	12404	12017	12020
1122	11664	12411	12024	12028
1123	11671	12419	12031	12036
1124	11679	12430	12039	12044
1125	11686	12438	12047	12052
1126	11694	12445	12056	12060
1127	11698	12452	12064	12067
1128	11702	12459	12071	12075
1129	11711	12472	12078	12083
1130	11723	12480	12088	12092
1131	11730	12487	12096	12100
1132	11738	12493	12105	12108
1133	11749	12500	12113	12117
1134	11757	12507	12122	12125
1135	11764	12518	12130	12133
1136	11775	12530	12137	12141
1137	11781	12539	12146	12150
1138	11788	12549	12154	12158
1139	11793	12562	12163	12166
1140	11800	12565	12170	12174
1141	11808	12573	12179	12182
1142	11816	12580	12187	12190
1143	11823	12585	12197	12198
1144	11834	12594	12204	12206
1145	11840	12602	12212	12214
1146	11846	12608	12220	12222
1147	11850	12617	12228	12230
1148	11853	12624	12237	12238
1149	11859	12636	12246	12246
1150	11871	12640	12253	12254
1151	11881	12649	12260	12262
1152	11891	12658	12268	12270
1153	11897	12668	12276	12279
1154	11902	12680	12286	12287
1155	11911	12694	12295	12295
1156	11917	12704	12302	12303
1157	11924	12715	12310	12311
1158	11933	12727	12318	12319
1159	11939	12732	12326	12327
1160	11946	12742	12335	12335
1161	11956	12748	12343	12343
1162	11963	12753	12351	12351
1163	11970	12766	12359	12359
1164	11977	12771	12367	12367
1165	11985	12779	12375	12375
1166	11989	12786	12383	12383
1167	11997	12791	12391	12390
1168	12002	12797	12399	12398
1169	12010	12804	12407	12406
1170	12024	12811	12414	12415
1171	12034	12819	12423	12423
1172	12045	12826	12432	12431
1173	12051	12835	12440	12439
1174	12059	12845	12448	12448
1175	12067	12852	12456	12456
1176	12072	12860	12464	12464
1177	12076	12873	12473	12473
1178	12080	12885	12481	12481
1179	12088	12894	12489	12489
1180	12097	12899	12497	12497
1181	12105	12905	12505	12505
1182	12113	12912	12513	12513
1183	12122	12920	12521	12521
1184	12129	12929	12530	12529
1185	12137	12933	12538	12536
1186	12144	12948	12545	12544
1187	12152	12954	12553	12552
1188	12160	12959	12561	12560
1189	12163	12966	12569	12568
1190	12180	12969	12577	12576
1191	12187	12976	12585	12584
1192	12195	12984	12595	12592
1193	12207	12989	12604	12600
1194	12215	12998	12612	12608
1195	12221	13008	12621	12616
1196	12225	13016	12628	12624
1197	12232	13025	12636	12632
1198	12243	13037	12644	12641
1199	12250	13046	12653	12649
1200	12261	13056	12661	12657
1201	12274	13061	12668	12665
1202	12282	13067	12676	12673
1203	12288	13074	12684	12682
1204	12297	13085	12692	12690
1205	12305	13094	12699	12698
1206	12316	13103	12708	12706
1207	12326	13111	12717	12714
1208	12330	13123	12726	12723
1209	12335	13131	12734	12731
1210	12347	13137	12742	12739
1211	12358	13144	12751	12747
1212	12366	13150	12759	12755
1213	12376	13152	12767	12762
1214	12382	13167	12775	12770
1215	12392	13180	12782	12778
1216	12398	13186	12789	12786
1217	12403	13193	12798	12794
1218	12411	13202	12807	12802
1219	12417	13210	12814	12810
1220	12427	13217	12822	12818
1221	12436	13223	12831	12826
1222	12443	13231	12837	12834
1223	12451	13238	12845	12842
1224	12460	13245	12853	12850
1225	12467	13254	12861	12858
1226	12477	13260	12867	12866
1227	12487	13269	12875	12874
1228	12494	13279	12883	12883
1229	12502	13294	12892	12891
1230	12513	13300	12900	12899
1231	12524	13305	12908	12907
1232	12530	13311	12915	12916
1233	12540	13317	12923	12924
1234	12549	13320	12932	12932
1235	12556	13329	12941	12940
1236	12565	13340	12948	12949
1237	12571	13349	12958	12957
1238	12580	13357	12966	12965
1239	12585	13364	12975	12974
1240	12593	13369	12982	12981
1241	12605	13374	12990	12989
1242	12617	13378	12999	12997
1243	12629	13385	13006	13005
1244	12637	13392	13014	13013
1245	12647	13401	13022	13020
1246	12658	13408	13030	13028
1247	12666	13413	13037	13036
1248	12677	13422	13044	13044
1249	12683	13432	13051	13052
1250	12697	13437	13059	13060
1251	12709	13446	13069	13068
1252	12720	13449	13077	13077
1253	12732	13453	13085	13085
1254	12741	13462	13091	13093
1255	12752	13469	13100	13102
1256	12760	13477	13108	13110
1257	12767	13487	13116	13118
1258	12774	13501	13123	13127
1259	12781	13507	13132	13135
1260	12789	13511	13139	13143
1261	12800	13522	13147	13151
1262	12812	13528	13155	13159
1263	12821	13534	13165	13167
1264	12828	13543	13172	13175
1265	12836	13549	13180	13183
1266	12843	13553	13188	13191
1267	12852	13558	13196	13199
1268	12857	13564	13204	13207
1269	12861	13572	13213	13215
1270	12875	13579	13221	13223
1271	12884	13590	13229	13231
1272	12895	13602	13236	13240
1273	12908	13611	13244	13248
1274	12918	13618	13253	13256
1275	12927	13626	13262	13264
1276	12936	13634	13270	13272
1277	12943	13643	13278	13280
1278	12948	13653	13288	13288
1279	12957	13662	13295	13297
1280	12971	13669	13303	13305
1281	12981	13672	13311	13313
1282	12993	13678	13320	13321
1283	13003	13683	13328	13329
1284	13010	13689	13337	13337
1285	13017	13700	13344	13345
1286	13023	13708	13352	13354
1287	13035	13715	13359	13362
1288	13039	13722	13367	13370
1289	13043	13730	13375	13378
1290	13062	13735	13384	13386
1291	13074	13740	13392	13394
1292	13084	13751	13400	13403
1293	13095	13758	13408	13411
1294	13104	13768	13416	13419
1295	13113	13777	13424	13428
1296	13122	13785	13432	13436
1297	13130	13788	13441	13444
1298	13141	13798	13449	13452
1299	13146	13812	13457	13461
1300	13160	13818	13465	13469
1301	13178	13827	13473	13477
1302	13190	13830	13481	13486
1303	13200	13833	13489	13494
1304	13212	13839	13497	13502
1305	13223	13850	13505	13511
1306	13229	13860	13514	13519
1307	13238	13870	13522	13527
1308	13247	13879	13530	13536
1309	13256	13888	13539	13544
1310	13269	13892	13546	13552
1311	13283	13900	13552	13560
1312	13294	13904	13560	13568
1313	13304	13908	13567	13575
1314	13315	13913	13575	13583
1315	13325	13919	13583	13591
1316	13338	13926	13592	13599
1317	13348	13933	13600	13607
1318	13356	13940	13609	13615
1319	13364	13947	13616	13623
1320	13383	13951	13624	13631
1321	13400	13956	13632	13639
1322	13415	13961	13640	13647
1323	13431	13968	13648	13656
1324	13444	13974	13656	13664
1325	13464	13980	13665	13672
1326	13475	13986	13675	13680
1327	13487	13994	13685	13689
1328	13496	14002	13693	13697
